02 20 28 67 72 12 30 80 D1 74 02 02 00 28 67 72 
12 20 80 D1 74 0D 02 30 28 67 72 02 31 28 67 72 
02 32 28 67 72 02 33 28 67 72 02 34 28 67 72 02 
35 28 67 72 02 36 28 67 72 02 37 28 67 72 02 38 
28 67 72 02 39 28 67 72 02 3A 28 67 72 02 3B 28 
67 72 02 3C 28 67 72 02 3D 28 67 72 02 3E 28 67 
72 02 3F 28 67 72 12 E0 85 05 D2 05 71 70 52 00 
3A 80 67 98 75 B0 77 78 67 9F 75 7E 77 8B 28 67 
A6 75 B6 16 E0 DA 04 74 B0 77 B6 28 67 A6 75 B3 
16 E0 DA 04 74 B0 77 B3 12 A0 F8 15 1A 00 57 12 
A0 F8 15 1A 01 57 28 32 00 32 01 B7 97 77 AF 57 
67 B9 57 67 C7 57 67 C0 57 32 0F 87 32 0F 87 57 
32 0F 87 32 0E 87 57 32 0E 87 32 0E 87 57 00 00 
